Da1
55029
11407
0
Da2
55029
10447
0
Da3
55029
9487
0
Da4
55029
8527
0
Da5
55029
7567
0
Da6
55029
6607
0
Da7
55029
5647
0
Da8
55029
4687
0
Da9
55029
3727
0
Da10
55029
2767
0
Da11
55029
1807
0
Da12
55029
847
0
Da13
55029
-113
0
Da14
55029
-1073
0
Da15
55029
-2033
0
Da16
55029
-2993
0
Da17
55029
-3953
0
Da18
55029
-4913
0
Da19
55029
-5873
0
Da20
55029
-6833
0
Da21
55029
-7793
0
Da22
55029
-8753
0
Da23
55029
-9713
0
Da24
55029
-10673
0
Da25
55029
-11633
0
Da26
55029
-12593
0
Da28
53525
11407
0
Da29
53525
10447
0
Da30
53525
9487
0
Da31
53525
8527
0
Da32
53525
7567
0
Da33
53525
6607
0
Da34
53525
5647
0
Da35
53525
4687
0
Da36
53525
3727
0
Da37
53525
2767
0
Da38
53525
1807
0
Da39
53525
847
0
Da40
53525
-113
0
Da41
53525
-1073
0
Da42
53525
-2033
0
Da43
53525
-2993
0
Da44
53525
-3953
0
Da45
53525
-4913
0
Da46
53525
-5873
0
Da47
53525
-6833
0
Da48
53525
-7793
0
Da49
53525
-8753
0
Da50
53525
-9713
0
Da51
53525
-10673
0
Da52
53525
-11633
0
Da53
53525
-12593
0
Da55
52021
11407
0
Da56
52021
10447
0
Da57
52021
9487
0
Da58
52021
8527
0
Da59
52021
7567
0
Da60
52021
6607
0
Da61
52021
5647
0
Da62
52021
4687
0
Da63
52021
3727
0
Da64
52021
2767
0
Da65
52021
1807
0
Da66
52021
847
0
Da67
52021
-113
0
Da68
52021
-1073
0
Da69
52021
-2033
0
Da70
52021
-2993
0
Da71
52021
-3953
0
Da72
52021
-4913
0
Da73
52021
-5873
0
Da74
52021
-6833
0
Da75
52021
-7793
0
Da76
52021
-8753
0
Da77
52021
-9713
0
Da78
52021
-10673
0
Da79
52021
-11633
0
Da80
52021
-12593
0
Da82
50517
11407
0
Da83
50517
10447
0
Da84
50517
9487
0
Da85
50517
8527
0
Da86
50517
7567
0
Da87
50517
6607
0
Da88
50517
5647
0
Da89
50517
4687
0
Da90
50517
3727
0
Da91
50517
2767
0
Da92
50517
1807
0
Da93
50517
847
0
Da94
50517
-113
0
Da95
50517
-1073
0
Da96
50517
-2033
0
Da97
50517
-2993
0
Da98
50517
-3953
0
Da99
50517
-4913
0
Da100
50517
-5873
0
Da101
50517
-6833
0
Da102
50517
-7793
0
Da103
50517
-8753
0
Da104
50517
-9713
0
Da105
50517
-10673
0
Da106
50517
-11633
0
Da107
50517
-12593
0
Da109
49013
11407
0
Da110
49013
10447
0
Da111
49013
9487
0
Da112
49013
8527
0
Da113
49013
7567
0
Da114
49013
6607
0
Da115
49013
5647
0
Da116
49013
4687
0
Da117
49013
3727
0
Da118
49013
2767
0
Da119
49013
1807
0
Da120
49013
847
0
Da121
49013
-113
0
Da122
49013
-1073
0
Da123
49013
-2033
0
Da124
49013
-2993
0
Da125
49013
-3953
0
Da126
49013
-4913
0
Da127
49013
-5873
0
Da128
49013
-6833
0
Da129
49013
-7793
0
Da130
49013
-8753
0
Da131
49013
-9713
0
Da132
49013
-10673
0
Da133
49013
-11633
0
Da134
49013
-12593
0
Da136
47509
11407
0
Da137
47509
10447
0
Da138
47509
9487
0
Da139
47509
8527
0
Da140
47509
7567
0
Da141
47509
6607
0
Da142
47509
5647
0
Da143
47509
4687
0
Da144
47509
3727
0
Da145
47509
2767
0
Da146
47509
1807
0
Da147
47509
847
0
Da148
47509
-113
0
Da149
47509
-1073
0
Da150
47509
-2033
0
Da151
47509
-2993
0
Da152
47509
-3953
0
Da153
47509
-4913
0
Da154
47509
-5873
0
Da155
47509
-6833
0
Da156
47509
-7793
0
Da157
47509
-8753
0
Da158
47509
-9713
0
Da159
47509
-10673
0
Da160
47509
-11633
0
Da161
47509
-12593
0
Da162
46005
12367
0
Da163
46005
11407
0
Da164
46005
10447
0
Da165
46005
9487
0
Da166
46005
8527
0
Da167
46005
7567
0
Da168
46005
6607
0
Da169
46005
5647
0
Da170
46005
4687
0
Da171
46005
3727
0
Da172
46005
2767
0
Da173
46005
1807
0
Da174
46005
847
0
Da175
46005
-113
0
Da176
46005
-1073
0
Da177
46005
-2033
0
Da178
46005
-2993
0
Da179
46005
-3953
0
Da180
46005
-4913
0
Da181
46005
-5873
0
Da182
46005
-6833
0
Da183
46005
-7793
0
Da184
46005
-8753
0
Da185
46005
-9713
0
Da186
46005
-10673
0
Da187
46005
-11633
0
Da188
46005
-12593
0
Da189
44501
12367
0
Da190
44501
11407
0
Da191
44501
10447
0
Da192
44501
9487
0
Da193
44501
8527
0
Da194
44501
7567
0
Da195
44501
6607
0
Da196
44501
5647
0
Da197
44501
4687
0
Da198
44501
3727
0
Da199
44501
2767
0
Da200
44501
1807
0
Da201
44501
847
0
Da202
44501
-113
0
Da203
44501
-1073
0
Da204
44501
-2033
0
Da205
44501
-2993
0
Da206
44501
-3953
0
Da207
44501
-4913
0
Da208
44501
-5873
0
Da209
44501
-6833
0
Da210
44501
-7793
0
Da211
44501
-8753
0
Da212
44501
-9713
0
Da213
44501
-10673
0
Da214
44501
-11633
0
Da215
44501
-12593
0
Da216
42997
12367
0
Da217
42997
11407
0
Da218
42997
10447
0
Da219
42997
9487
0
Da220
42997
8527
0
Da221
42997
7567
0
Da222
42997
6607
0
Da223
42997
5647
0
Da224
42997
4687
0
Da225
42997
3727
0
Da226
42997
2767
0
Da227
42997
1807
0
Da228
42997
847
0
Da229
42997
-113
0
Da230
42997
-1073
0
Da231
42997
-2033
0
Da232
42997
-2993
0
Da233
42997
-3953
0
Da234
42997
-4913
0
Da235
42997
-5873
0
Da236
42997
-6833
0
Da237
42997
-7793
0
Da238
42997
-8753
0
Da239
42997
-9713
0
Da240
42997
-10673
0
Da241
42997
-11633
0
Da242
42997
-12593
0
Da243
41493
12367
0
Da244
41493
11407
0
Da245
41493
10447
0
Da246
41493
9487
0
Da247
41493
8527
0
Da248
41493
7567
0
Da249
41493
6607
0
Da250
41493
5647
0
Da251
41493
4687
0
Da252
41493
3727
0
Da253
41493
2767
0
Da254
41493
1807
0
Da255
41493
847
0
Da256
41493
-113
0
Da257
41493
-1073
0
Da258
41493
-2033
0
Da259
41493
-2993
0
Da260
41493
-3953
0
Da261
41493
-4913
0
Da262
41493
-5873
0
Da263
41493
-6833
0
Da264
41493
-7793
0
Da265
41493
-8753
0
Da266
41493
-9713
0
Da267
41493
-10673
0
Da268
41493
-11633
0
Da269
41493
-12593
0
Da270
39989
12367
0
Da271
39989
11407
0
Da272
39989
10447
0
Da273
39989
9487
0
Da274
39989
8527
0
Da275
39989
7567
0
Da276
39989
6607
0
Da277
39989
5647
0
Da278
39989
4687
0
Da279
39989
3727
0
Da280
39989
2767
0
Da281
39989
1807
0
Da282
39989
847
0
Da283
39989
-113
0
Da284
39989
-1073
0
Da285
39989
-2033
0
Da286
39989
-2993
0
Da287
39989
-3953
0
Da288
39989
-4913
0
Da289
39989
-5873
0
Da290
39989
-6833
0
Da291
39989
-7793
0
Da292
39989
-8753
0
Da293
39989
-9713
0
Da294
39989
-10673
0
Da295
39989
-11633
0
Da296
39989
-12593
0
Da297
38485
12367
0
Da298
38485
11407
0
Da299
38485
10447
0
Da300
38485
9487
0
Da301
38485
8527
0
Da302
38485
7567
0
Da303
38485
6607
0
Da304
38485
5647
0
Da305
38485
4687
0
Da306
38485
3727
0
Da307
38485
2767
0
Da308
38485
1807
0
Da309
38485
847
0
Da310
38485
-113
0
Da311
38485
-1073
0
Da312
38485
-2033
0
Da313
38485
-2993
0
Da314
38485
-3953
0
Da315
38485
-4913
0
Da316
38485
-5873
0
Da317
38485
-6833
0
Da318
38485
-7793
0
Da319
38485
-8753
0
Da320
38485
-9713
0
Da321
38485
-10673
0
Da322
38485
-11633
0
Da323
38485
-12593
0
Da324
36981
12367
0
Da325
36981
11407
0
Da326
36981
10447
0
Da327
36981
9487
0
Da328
36981
8527
0
Da329
36981
7567
0
Da330
36981
6607
0
Da331
36981
5647
0
Da332
36981
4687
0
Da333
36981
3727
0
Da334
36981
2767
0
Da335
36981
1807
0
Da336
36981
847
0
Da337
36981
-113
0
Da338
36981
-1073
0
Da339
36981
-2033
0
Da340
36981
-2993
0
Da341
36981
-3953
0
Da342
36981
-4913
0
Da343
36981
-5873
0
Da344
36981
-6833
0
Da345
36981
-7793
0
Da346
36981
-8753
0
Da347
36981
-9713
0
Da348
36981
-10673
0
Da349
36981
-11633
0
Da350
36981
-12593
0
Da351
35477
12367
0
Da352
35477
11407
0
Da353
35477
10447
0
Da354
35477
9487
0
Da355
35477
8527
0
Da356
35477
7567
0
Da357
35477
6607
0
Da358
35477
5647
0
Da359
35477
4687
0
Da360
35477
3727
0
Da361
35477
2767
0
Da362
35477
1807
0
Da363
35477
847
0
Da364
35477
-113
0
Da365
35477
-1073
0
Da366
35477
-2033
0
Da367
35477
-2993
0
Da368
35477
-3953
0
Da369
35477
-4913
0
Da370
35477
-5873
0
Da371
35477
-6833
0
Da372
35477
-7793
0
Da373
35477
-8753
0
Da374
35477
-9713
0
Da375
35477
-10673
0
Da376
35477
-11633
0
Da377
35477
-12593
0
Da378
33973
12367
0
Da379
33973
11407
0
Da380
33973
10447
0
Da381
33973
9487
0
Da382
33973
8527
0
Da383
33973
7567
0
Da384
33973
6607
0
Da385
33973
5647
0
Da386
33973
4687
0
Da387
33973
3727
0
Da388
33973
2767
0
Da389
33973
1807
0
Da390
33973
847
0
Da391
33973
-113
0
Da392
33973
-1073
0
Da393
33973
-2033
0
Da394
33973
-2993
0
Da395
33973
-3953
0
Da396
33973
-4913
0
Da397
33973
-5873
0
Da398
33973
-6833
0
Da399
33973
-7793
0
Da400
33973
-8753
0
Da401
33973
-9713
0
Da402
33973
-10673
0
Da403
33973
-11633
0
Da404
33973
-12593
0
Da405
32469
12367
0
Da406
32469
11407
0
Da407
32469
10447
0
Da408
32469
9487
0
Da409
32469
8527
0
Da410
32469
7567
0
Da411
32469
6607
0
Da412
32469
5647
0
Da413
32469
4687
0
Da414
32469
3727
0
Da415
32469
2767
0
Da416
32469
1807
0
Da417
32469
847
0
Da418
32469
-113
0
Da419
32469
-1073
0
Da420
32469
-2033
0
Da421
32469
-2993
0
Da422
32469
-3953
0
Da423
32469
-4913
0
Da424
32469
-5873
0
Da425
32469
-6833
0
Da426
32469
-7793
0
Da427
32469
-8753
0
Da428
32469
-9713
0
Da429
32469
-10673
0
Da430
32469
-11633
0
Da431
32469
-12593
0
Da432
30965
12367
0
Da433
30965
11407
0
Da434
30965
10447
0
Da435
30965
9487
0
Da436
30965
8527
0
Da437
30965
7567
0
Da438
30965
6607
0
Da439
30965
5647
0
Da440
30965
4687
0
Da441
30965
3727
0
Da442
30965
2767
0
Da443
30965
1807
0
Da444
30965
847
0
Da445
30965
-113
0
Da446
30965
-1073
0
Da447
30965
-2033
0
Da448
30965
-2993
0
Da449
30965
-3953
0
Da450
30965
-4913
0
Da451
30965
-5873
0
Da452
30965
-6833
0
Da453
30965
-7793
0
Da454
30965
-8753
0
Da455
30965
-9713
0
Da456
30965
-10673
0
Da457
30965
-11633
0
Da458
30965
-12593
0
Da459
29461
12367
0
Da460
29461
11407
0
Da461
29461
10447
0
Da462
29461
9487
0
Da463
29461
8527
0
Da464
29461
7567
0
Da465
29461
6607
0
Da466
29461
5647
0
Da467
29461
4687
0
Da468
29461
3727
0
Da469
29461
2767
0
Da470
29461
1807
0
Da471
29461
847
0
Da472
29461
-113
0
Da473
29461
-1073
0
Da474
29461
-2033
0
Da475
29461
-2993
0
Da476
29461
-3953
0
Da477
29461
-4913
0
Da478
29461
-5873
0
Da479
29461
-6833
0
Da480
29461
-7793
0
Da481
29461
-8753
0
Da482
29461
-9713
0
Da483
29461
-10673
0
Da484
29461
-11633
0
Da485
29461
-12593
0
Da486
27957
12367
0
Da487
27957
11407
0
Da488
27957
10447
0
Da489
27957
9487
0
Da490
27957
8527
0
Da491
27957
7567
0
Da492
27957
6607
0
Da493
27957
5647
0
Da494
27957
4687
0
Da495
27957
3727
0
Da496
27957
2767
0
Da497
27957
1807
0
Da498
27957
847
0
Da499
27957
-113
0
Da500
27957
-1073
0
Da501
27957
-2033
0
Da502
27957
-2993
0
Da503
27957
-3953
0
Da504
27957
-4913
0
Da505
27957
-5873
0
Da506
27957
-6833
0
Da507
27957
-7793
0
Da508
27957
-8753
0
Da509
27957
-9713
0
Da510
27957
-10673
0
Da511
27957
-11633
0
Da512
27957
-12593
0
Da513
26453
12367
0
Da514
26453
11407
0
Da515
26453
10447
0
Da516
26453
9487
0
Da517
26453
8527
0
Da518
26453
7567
0
Da519
26453
6607
0
Da520
26453
5647
0
Da521
26453
4687
0
Da522
26453
3727
0
Da523
26453
2767
0
Da524
26453
1807
0
Da525
26453
847
0
Da526
26453
-113
0
Da527
26453
-1073
0
Da528
26453
-2033
0
Da529
26453
-2993
0
Da530
26453
-3953
0
Da531
26453
-4913
0
Da532
26453
-5873
0
Da533
26453
-6833
0
Da534
26453
-7793
0
Da535
26453
-8753
0
Da536
26453
-9713
0
Da537
26453
-10673
0
Da538
26453
-11633
0
Da539
26453
-12593
0
Da540
24949
12367
0
Da541
24949
11407
0
Da542
24949
10447
0
Da543
24949
9487
0
Da544
24949
8527
0
Da545
24949
7567
0
Da546
24949
6607
0
Da547
24949
5647
0
Da548
24949
4687
0
Da549
24949
3727
0
Da550
24949
2767
0
Da551
24949
1807
0
Da552
24949
847
0
Da553
24949
-113
0
Da554
24949
-1073
0
Da555
24949
-2033
0
Da556
24949
-2993
0
Da557
24949
-3953
0
Da558
24949
-4913
0
Da559
24949
-5873
0
Da560
24949
-6833
0
Da561
24949
-7793
0
Da562
24949
-8753
0
Da563
24949
-9713
0
Da564
24949
-10673
0
Da565
24949
-11633
0
Da566
24949
-12593
0
Da567
23445
12367
0
Da568
23445
11407
0
Da569
23445
10447
0
Da570
23445
9487
0
Da571
23445
8527
0
Da572
23445
7567
0
Da573
23445
6607
0
Da574
23445
5647
0
Da575
23445
4687
0
Da576
23445
3727
0
Da577
23445
2767
0
Da578
23445
1807
0
Da579
23445
847
0
Da580
23445
-113
0
Da581
23445
-1073
0
Da582
23445
-2033
0
Da583
23445
-2993
0
Da584
23445
-3953
0
Da585
23445
-4913
0
Da586
23445
-5873
0
Da587
23445
-6833
0
Da588
23445
-7793
0
Da589
23445
-8753
0
Da590
23445
-9713
0
Da591
23445
-10673
0
Da592
23445
-11633
0
Da593
23445
-12593
0
Da594
21941
12367
0
Da595
21941
11407
0
Da596
21941
10447
0
Da597
21941
9487
0
Da598
21941
8527
0
Da599
21941
7567
0
Da600
21941
6607
0
Da601
21941
5647
0
Da602
21941
4687
0
Da603
21941
3727
0
Da604
21941
2767
0
Da605
21941
1807
0
Da606
21941
847
0
Da607
21941
-113
0
Da608
21941
-1073
0
Da609
21941
-2033
0
Da610
21941
-2993
0
Da611
21941
-3953
0
Da612
21941
-4913
0
Da613
21941
-5873
0
Da614
21941
-6833
0
Da615
21941
-7793
0
Da616
21941
-8753
0
Da617
21941
-9713
0
Da618
21941
-10673
0
Da619
21941
-11633
0
Da620
21941
-12593
0
Da621
20437
12367
0
Da622
20437
11407
0
Da623
20437
10447
0
Da624
20437
9487
0
Da625
20437
8527
0
Da626
20437
7567
0
Da627
20437
6607
0
Da628
20437
5647
0
Da629
20437
4687
0
Da630
20437
3727
0
Da631
20437
2767
0
Da632
20437
1807
0
Da633
20437
847
0
Da634
20437
-113
0
Da635
20437
-1073
0
Da636
20437
-2033
0
Da637
20437
-2993
0
Da638
20437
-3953
0
Da639
20437
-4913
0
Da640
20437
-5873
0
Da641
20437
-6833
0
Da642
20437
-7793
0
Da643
20437
-8753
0
Da644
20437
-9713
0
Da645
20437
-10673
0
Da646
20437
-11633
0
Da647
20437
-12593
0
Da648
18933
12367
0
Da649
18933
11407
0
Da650
18933
10447
0
Da651
18933
9487
0
Da652
18933
8527
0
Da653
18933
7567
0
Da654
18933
6607
0
Da655
18933
5647
0
Da656
18933
4687
0
Da657
18933
3727
0
Da658
18933
2767
0
Da659
18933
1807
0
Da660
18933
847
0
Da661
18933
-113
0
Da662
18933
-1073
0
Da663
18933
-2033
0
Da664
18933
-2993
0
Da665
18933
-3953
0
Da666
18933
-4913
0
Da667
18933
-5873
0
Da668
18933
-6833
0
Da669
18933
-7793
0
Da670
18933
-8753
0
Da671
18933
-9713
0
Da672
18933
-10673
0
Da673
18933
-11633
0
Da674
18933
-12593
0
Da675
17429
12367
0
Da676
17429
11407
0
Da677
17429
10447
0
Da678
17429
9487
0
Da679
17429
8527
0
Da680
17429
7567
0
Da681
17429
6607
0
Da682
17429
5647
0
Da683
17429
4687
0
Da684
17429
3727
0
Da685
17429
2767
0
Da686
17429
1807
0
Da687
17429
847
0
Da688
17429
-113
0
Da689
17429
-1073
0
Da690
17429
-2033
0
Da691
17429
-2993
0
Da692
17429
-3953
0
Da693
17429
-4913
0
Da694
17429
-5873
0
Da695
17429
-6833
0
Da696
17429
-7793
0
Da697
17429
-8753
0
Da698
17429
-9713
0
Da699
17429
-10673
0
Da700
17429
-11633
0
Da701
17429
-12593
0
Da702
15925
12367
0
Da703
15925
11407
0
Da704
15925
10447
0
Da705
15925
9487
0
Da706
15925
8527
0
Da707
15925
7567
0
Da708
15925
6607
0
Da709
15925
5647
0
Da710
15925
4687
0
Da711
15925
3727
0
Da712
15925
2767
0
Da713
15925
1807
0
Da714
15925
847
0
Da715
15925
-113
0
Da716
15925
-1073
0
Da717
15925
-2033
0
Da718
15925
-2993
0
Da719
15925
-3953
0
Da720
15925
-4913
0
Da721
15925
-5873
0
Da722
15925
-6833
0
Da723
15925
-7793
0
Da724
15925
-8753
0
Da725
15925
-9713
0
Da726
15925
-10673
0
Da727
15925
-11633
0
Da728
15925
-12593
0
Da729
14421
12367
0
Da730
14421
11407
0
Da731
14421
10447
0
Da732
14421
9487
0
Da733
14421
8527
0
Da734
14421
7567
0
Da735
14421
6607
0
Da736
14421
5647
0
Da737
14421
4687
0
Da738
14421
3727
0
Da739
14421
2767
0
Da740
14421
1807
0
Da741
14421
847
0
Da742
14421
-113
0
Da743
14421
-1073
0
Da744
14421
-2033
0
Da745
14421
-2993
0
Da746
14421
-3953
0
Da747
14421
-4913
0
Da748
14421
-5873
0
Da749
14421
-6833
0
Da750
14421
-7793
0
Da751
14421
-8753
0
Da752
14421
-9713
0
Da753
14421
-10673
0
Da754
14421
-11633
0
Da755
14421
-12593
0
Da756
12917
12367
0
Da757
12917
11407
0
Da758
12917
10447
0
Da759
12917
9487
0
Da760
12917
8527
0
Da761
12917
7567
0
Da762
12917
6607
0
Da763
12917
5647
0
Da764
12917
4687
0
Da765
12917
3727
0
Da766
12917
2767
0
Da767
12917
1807
0
Da768
12917
847
0
Da769
12917
-113
0
Da770
12917
-1073
0
Da771
12917
-2033
0
Da772
12917
-2993
0
Da773
12917
-3953
0
Da774
12917
-4913
0
Da775
12917
-5873
0
Da776
12917
-6833
0
Da777
12917
-7793
0
Da778
12917
-8753
0
Da779
12917
-9713
0
Da780
12917
-10673
0
Da781
12917
-11633
0
Da782
12917
-12593
0
Da783
11413
12367
0
Da784
11413
11407
0
Da785
11413
10447
0
Da786
11413
9487
0
Da787
11413
8527
0
Da788
11413
7567
0
Da789
11413
6607
0
Da790
11413
5647
0
Da791
11413
4687
0
Da792
11413
3727
0
Da793
11413
2767
0
Da794
11413
1807
0
Da795
11413
847
0
Da796
11413
-113
0
Da797
11413
-1073
0
Da798
11413
-2033
0
Da799
11413
-2993
0
Da800
11413
-3953
0
Da801
11413
-4913
0
Da802
11413
-5873
0
Da803
11413
-6833
0
Da804
11413
-7793
0
Da805
11413
-8753
0
Da806
11413
-9713
0
Da807
11413
-10673
0
Da808
11413
-11633
0
Da809
11413
-12593
0
Da810
9909
12367
0
Da811
9909
11407
0
Da812
9909
10447
0
Da813
9909
9487
0
Da814
9909
8527
0
Da815
9909
7567
0
Da816
9909
6607
0
Da817
9909
5647
0
Da818
9909
4687
0
Da819
9909
3727
0
Da820
9909
2767
0
Da821
9909
1807
0
Da822
9909
847
0
Da823
9909
-113
0
Da824
9909
-1073
0
Da825
9909
-2033
0
Da826
9909
-2993
0
Da827
9909
-3953
0
Da828
9909
-4913
0
Da829
9909
-5873
0
Da830
9909
-6833
0
Da831
9909
-7793
0
Da832
9909
-8753
0
Da833
9909
-9713
0
Da834
9909
-10673
0
Da835
9909
-11633
0
Da836
9909
-12593
0
Da837
8405
12367
0
Da838
8405
11407
0
Da839
8405
10447
0
Da840
8405
9487
0
Da841
8405
8527
0
Da842
8405
7567
0
Da843
8405
6607
0
Da844
8405
5647
0
Da845
8405
4687
0
Da846
8405
3727
0
Da847
8405
2767
0
Da848
8405
1807
0
Da849
8405
847
0
Da850
8405
-113
0
Da851
8405
-1073
0
Da852
8405
-2033
0
Da853
8405
-2993
0
Da854
8405
-3953
0
Da855
8405
-4913
0
Da856
8405
-5873
0
Da857
8405
-6833
0
Da858
8405
-7793
0
Da859
8405
-8753
0
Da860
8405
-9713
0
Da861
8405
-10673
0
Da862
8405
-11633
0
Da863
8405
-12593
0
Da864
6901
12367
0
Da865
6901
11407
0
Da866
6901
10447
0
Da867
6901
9487
0
Da868
6901
8527
0
Da869
6901
7567
0
Da870
6901
6607
0
Da871
6901
5647
0
Da872
6901
4687
0
Da873
6901
3727
0
Da874
6901
2767
0
Da875
6901
1807
0
Da876
6901
847
0
Da877
6901
-113
0
Da878
6901
-1073
0
Da879
6901
-2033
0
Da880
6901
-2993
0
Da881
6901
-3953
0
Da882
6901
-4913
0
Da883
6901
-5873
0
Da884
6901
-6833
0
Da885
6901
-7793
0
Da886
6901
-8753
0
Da887
6901
-9713
0
Da888
6901
-10673
0
Da889
6901
-11633
0
Da890
6901
-12593
0
Da891
5397
12367
0
Da892
5397
11407
0
Da893
5397
10447
0
Da894
5397
9487
0
Da895
5397
8527
0
Da896
5397
7567
0
Da897
5397
6607
0
Da898
5397
5647
0
Da899
5397
4687
0
Da900
5397
3727
0
Da901
5397
2767
0
Da902
5397
1807
0
Da903
5397
847
0
Da904
5397
-113
0
Da905
5397
-1073
0
Da906
5397
-2033
0
Da907
5397
-2993
0
Da908
5397
-3953
0
Da909
5397
-4913
0
Da910
5397
-5873
0
Da911
5397
-6833
0
Da912
5397
-7793
0
Da913
5397
-8753
0
Da914
5397
-9713
0
Da915
5397
-10673
0
Da916
5397
-11633
0
Da917
5397
-12593
0
Da918
3893
12367
0
Da919
3893
11407
0
Da920
3893
10447
0
Da921
3893
9487
0
Da922
3893
8527
0
Da923
3893
7567
0
Da924
3893
6607
0
Da925
3893
5647
0
Da926
3893
4687
0
Da927
3893
3727
0
Da928
3893
2767
0
Da929
3893
1807
0
Da930
3893
847
0
Da931
3893
-113
0
Da932
3893
-1073
0
Da933
3893
-2033
0
Da934
3893
-2993
0
Da935
3893
-3953
0
Da936
3893
-4913
0
Da937
3893
-5873
0
Da938
3893
-6833
0
Da939
3893
-7793
0
Da940
3893
-8753
0
Da941
3893
-9713
0
Da942
3893
-10673
0
Da943
3893
-11633
0
Da944
3893
-12593
0
Da945
2389
12367
0
Da946
2389
11407
0
Da947
2389
10447
0
Da948
2389
9487
0
Da949
2389
8527
0
Da950
2389
7567
0
Da951
2389
6607
0
Da952
2389
5647
0
Da953
2389
4687
0
Da954
2389
3727
0
Da955
2389
2767
0
Da956
2389
1807
0
Da957
2389
847
0
Da958
2389
-113
0
Da959
2389
-1073
0
Da960
2389
-2033
0
Da961
2389
-2993
0
Da962
2389
-3953
0
Da963
2389
-4913
0
Da964
2389
-5873
0
Da965
2389
-6833
0
Da966
2389
-7793
0
Da967
2389
-8753
0
Da968
2389
-9713
0
Da969
2389
-10673
0
Da970
2389
-11633
0
Da971
2389
-12593
0
Da972
885
12367
0
Da973
885
11407
0
Da974
885
10447
0
Da975
885
9487
0
Da976
885
8527
0
Da977
885
7567
0
Da978
885
6607
0
Da979
885
5647
0
Da980
885
4687
0
Da981
885
3727
0
Da982
885
2767
0
Da983
885
1807
0
Da984
885
847
0
Da985
885
-113
0
Da986
885
-1073
0
Da987
885
-2033
0
Da988
885
-2993
0
Da989
885
-3953
0
Da990
885
-4913
0
Da991
885
-5873
0
Da992
885
-6833
0
Da993
885
-7793
0
Da994
885
-8753
0
Da995
885
-9713
0
Da996
885
-10673
0
Da997
885
-11633
0
Da998
885
-12593
0
Da999
-619
12367
0
Da1000
-619
11407
0
Da1001
-619
10447
0
Da1002
-619
9487
0
Da1003
-619
8527
0
Da1004
-619
7567
0
Da1005
-619
6607
0
Da1006
-619
5647
0
Da1007
-619
4687
0
Da1008
-619
3727
0
Da1009
-619
2767
0
Da1010
-619
1807
0
Da1011
-619
847
0
Da1012
-619
-113
0
Da1013
-619
-1073
0
Da1014
-619
-2033
0
Da1015
-619
-2993
0
Da1016
-619
-3953
0
Da1017
-619
-4913
0
Da1018
-619
-5873
0
Da1019
-619
-6833
0
Da1020
-619
-7793
0
Da1021
-619
-8753
0
Da1022
-619
-9713
0
Da1023
-619
-10673
0
Da1024
-619
-11633
0
Da1025
-619
-12593
0
Da1026
-2123
12367
0
Da1027
-2123
11407
0
Da1028
-2123
10447
0
Da1029
-2123
9487
0
Da1030
-2123
8527
0
Da1031
-2123
7567
0
Da1032
-2123
6607
0
Da1033
-2123
5647
0
Da1034
-2123
4687
0
Da1035
-2123
3727
0
Da1036
-2123
2767
0
Da1037
-2123
1807
0
Da1038
-2123
847
0
Da1039
-2123
-113
0
Da1040
-2123
-1073
0
Da1041
-2123
-2033
0
Da1042
-2123
-2993
0
Da1043
-2123
-3953
0
Da1044
-2123
-4913
0
Da1045
-2123
-5873
0
Da1046
-2123
-6833
0
Da1047
-2123
-7793
0
Da1048
-2123
-8753
0
Da1049
-2123
-9713
0
Da1050
-2123
-10673
0
Da1051
-2123
-11633
0
Da1052
-2123
-12593
0
Da1053
-3627
12367
0
Da1054
-3627
11407
0
Da1055
-3627
10447
0
Da1056
-3627
9487
0
Da1057
-3627
8527
0
Da1058
-3627
7567
0
Da1059
-3627
6607
0
Da1060
-3627
5647
0
Da1061
-3627
4687
0
Da1062
-3627
3727
0
Da1063
-3627
2767
0
Da1064
-3627
1807
0
Da1065
-3627
847
0
Da1066
-3627
-113
0
Da1067
-3627
-1073
0
Da1068
-3627
-2033
0
Da1069
-3627
-2993
0
Da1070
-3627
-3953
0
Da1071
-3627
-4913
0
Da1072
-3627
-5873
0
Da1073
-3627
-6833
0
Da1074
-3627
-7793
0
Da1075
-3627
-8753
0
Da1076
-3627
-9713
0
Da1077
-3627
-10673
0
Da1078
-3627
-11633
0
Da1079
-3627
-12593
0
Da1080
-5131
12367
0
Da1081
-5131
11407
0
Da1082
-5131
10447
0
Da1083
-5131
9487
0
Da1084
-5131
8527
0
Da1085
-5131
7567
0
Da1086
-5131
6607
0
Da1087
-5131
5647
0
Da1088
-5131
4687
0
Da1089
-5131
3727
0
Da1090
-5131
2767
0
Da1091
-5131
1807
0
Da1092
-5131
847
0
Da1093
-5131
-113
0
Da1094
-5131
-1073
0
Da1095
-5131
-2033
0
Da1096
-5131
-2993
0
Da1097
-5131
-3953
0
Da1098
-5131
-4913
0
Da1099
-5131
-5873
0
Da1100
-5131
-6833
0
Da1101
-5131
-7793
0
Da1102
-5131
-8753
0
Da1103
-5131
-9713
0
Da1104
-5131
-10673
0
Da1105
-5131
-11633
0
Da1106
-5131
-12593
0
Da1107
-6635
12367
0
Da1108
-6635
11407
0
Da1109
-6635
10447
0
Da1110
-6635
9487
0
Da1111
-6635
8527
0
Da1112
-6635
7567
0
Da1113
-6635
6607
0
Da1114
-6635
5647
0
Da1115
-6635
4687
0
Da1116
-6635
3727
0
Da1117
-6635
2767
0
Da1118
-6635
1807
0
Da1119
-6635
847
0
Da1120
-6635
-113
0
Da1121
-6635
-1073
0
Da1122
-6635
-2033
0
Da1123
-6635
-2993
0
Da1124
-6635
-3953
0
Da1125
-6635
-4913
0
Da1126
-6635
-5873
0
Da1127
-6635
-6833
0
Da1128
-6635
-7793
0
Da1129
-6635
-8753
0
Da1130
-6635
-9713
0
Da1131
-6635
-10673
0
Da1132
-6635
-11633
0
Da1133
-6635
-12593
0
Da1134
-8139
12367
0
Da1135
-8139
11407
0
Da1136
-8139
10447
0
Da1137
-8139
9487
0
Da1138
-8139
8527
0
Da1139
-8139
7567
0
Da1140
-8139
6607
0
Da1141
-8139
5647
0
Da1142
-8139
4687
0
Da1143
-8139
3727
0
Da1144
-8139
2767
0
Da1145
-8139
1807
0
Da1146
-8139
847
0
Da1147
-8139
-113
0
Da1148
-8139
-1073
0
Da1149
-8139
-2033
0
Da1150
-8139
-2993
0
Da1151
-8139
-3953
0
Da1152
-8139
-4913
0
Da1153
-8139
-5873
0
Da1154
-8139
-6833
0
Da1155
-8139
-7793
0
Da1156
-8139
-8753
0
Da1157
-8139
-9713
0
Da1158
-8139
-10673
0
Da1159
-8139
-11633
0
Da1160
-8139
-12593
0
Da1161
-9643
12367
0
Da1162
-9643
11407
0
Da1163
-9643
10447
0
Da1164
-9643
9487
0
Da1165
-9643
8527
0
Da1166
-9643
7567
0
Da1167
-9643
6607
0
Da1168
-9643
5647
0
Da1169
-9643
4687
0
Da1170
-9643
3727
0
Da1171
-9643
2767
0
Da1172
-9643
1807
0
Da1173
-9643
847
0
Da1174
-9643
-113
0
Da1175
-9643
-1073
0
Da1176
-9643
-2033
0
Da1177
-9643
-2993
0
Da1178
-9643
-3953
0
Da1179
-9643
-4913
0
Da1180
-9643
-5873
0
Da1181
-9643
-6833
0
Da1182
-9643
-7793
0
Da1183
-9643
-8753
0
Da1184
-9643
-9713
0
Da1185
-9643
-10673
0
Da1186
-9643
-11633
0
Da1187
-9643
-12593
0
Da1188
-11147
12367
0
Da1189
-11147
11407
0
Da1190
-11147
10447
0
Da1191
-11147
9487
0
Da1192
-11147
8527
0
Da1193
-11147
7567
0
Da1194
-11147
6607
0
Da1195
-11147
5647
0
Da1196
-11147
4687
0
Da1197
-11147
3727
0
Da1198
-11147
2767
0
Da1199
-11147
1807
0
Da1200
-11147
847
0
Da1201
-11147
-113
0
Da1202
-11147
-1073
0
Da1203
-11147
-2033
0
Da1204
-11147
-2993
0
Da1205
-11147
-3953
0
Da1206
-11147
-4913
0
Da1207
-11147
-5873
0
Da1208
-11147
-6833
0
Da1209
-11147
-7793
0
Da1210
-11147
-8753
0
Da1211
-11147
-9713
0
Da1212
-11147
-10673
0
Da1213
-11147
-11633
0
Da1214
-11147
-12593
0
Da1215
-12651
12367
0
Da1216
-12651
11407
0
Da1217
-12651
10447
0
Da1218
-12651
9487
0
Da1219
-12651
8527
0
Da1220
-12651
7567
0
Da1221
-12651
6607
0
Da1222
-12651
5647
0
Da1223
-12651
4687
0
Da1224
-12651
3727
0
Da1225
-12651
2767
0
Da1226
-12651
1807
0
Da1227
-12651
847
0
Da1228
-12651
-113
0
Da1229
-12651
-1073
0
Da1230
-12651
-2033
0
Da1231
-12651
-2993
0
Da1232
-12651
-3953
0
Da1233
-12651
-4913
0
Da1234
-12651
-5873
0
Da1235
-12651
-6833
0
Da1236
-12651
-7793
0
Da1237
-12651
-8753
0
Da1238
-12651
-9713
0
Da1239
-12651
-10673
0
Da1240
-12651
-11633
0
Da1241
-12651
-12593
0
Da1242
-14155
12367
0
Da1243
-14155
11407
0
Da1244
-14155
10447
0
Da1245
-14155
9487
0
Da1246
-14155
8527
0
Da1247
-14155
7567
0
Da1248
-14155
6607
0
Da1249
-14155
5647
0
Da1250
-14155
4687
0
Da1251
-14155
3727
0
Da1252
-14155
2767
0
Da1253
-14155
1807
0
Da1254
-14155
847
0
Da1255
-14155
-113
0
Da1256
-14155
-1073
0
Da1257
-14155
-2033
0
Da1258
-14155
-2993
0
Da1259
-14155
-3953
0
Da1260
-14155
-4913
0
Da1261
-14155
-5873
0
Da1262
-14155
-6833
0
Da1263
-14155
-7793
0
Da1264
-14155
-8753
0
Da1265
-14155
-9713
0
Da1266
-14155
-10673
0
Da1267
-14155
-11633
0
Da1268
-14155
-12593
0
Da1269
-15659
12367
0
Da1270
-15659
11407
0
Da1271
-15659
10447
0
Da1272
-15659
9487
0
Da1273
-15659
8527
0
Da1274
-15659
7567
0
Da1275
-15659
6607
0
Da1276
-15659
5647
0
Da1277
-15659
4687
0
Da1278
-15659
3727
0
Da1279
-15659
2767
0
Da1280
-15659
1807
0
Da1281
-15659
847
0
Da1282
-15659
-113
0
Da1283
-15659
-1073
0
Da1284
-15659
-2033
0
Da1285
-15659
-2993
0
Da1286
-15659
-3953
0
Da1287
-15659
-4913
0
Da1288
-15659
-5873
0
Da1289
-15659
-6833
0
Da1290
-15659
-7793
0
Da1291
-15659
-8753
0
Da1292
-15659
-9713
0
Da1293
-15659
-10673
0
Da1294
-15659
-11633
0
Da1295
-15659
-12593
0
Da1296
-17163
12367
0
Da1297
-17163
11407
0
Da1298
-17163
10447
0
Da1299
-17163
9487
0
Da1300
-17163
8527
0
Da1301
-17163
7567
0
Da1302
-17163
6607
0
Da1303
-17163
5647
0
Da1304
-17163
4687
0
Da1305
-17163
3727
0
Da1306
-17163
2767
0
Da1307
-17163
1807
0
Da1308
-17163
847
0
Da1309
-17163
-113
0
Da1310
-17163
-1073
0
Da1311
-17163
-2033
0
Da1312
-17163
-2993
0
Da1313
-17163
-3953
0
Da1314
-17163
-4913
0
Da1315
-17163
-5873
0
Da1316
-17163
-6833
0
Da1317
-17163
-7793
0
Da1318
-17163
-8753
0
Da1319
-17163
-9713
0
Da1320
-17163
-10673
0
Da1321
-17163
-11633
0
Da1322
-17163
-12593
0
Da1323
-18667
12367
0
Da1324
-18667
11407
0
Da1325
-18667
10447
0
Da1326
-18667
9487
0
Da1327
-18667
8527
0
Da1328
-18667
7567
0
Da1329
-18667
6607
0
Da1330
-18667
5647
0
Da1331
-18667
4687
0
Da1332
-18667
3727
0
Da1333
-18667
2767
0
Da1334
-18667
1807
0
Da1335
-18667
847
0
Da1336
-18667
-113
0
Da1337
-18667
-1073
0
Da1338
-18667
-2033
0
Da1339
-18667
-2993
0
Da1340
-18667
-3953
0
Da1341
-18667
-4913
0
Da1342
-18667
-5873
0
Da1343
-18667
-6833
0
Da1344
-18667
-7793
0
Da1345
-18667
-8753
0
Da1346
-18667
-9713
0
Da1347
-18667
-10673
0
Da1348
-18667
-11633
0
Da1349
-18667
-12593
0
Da1350
-20171
12367
0
Da1351
-20171
11407
0
Da1352
-20171
10447
0
Da1353
-20171
9487
0
Da1354
-20171
8527
0
Da1355
-20171
7567
0
Da1356
-20171
6607
0
Da1357
-20171
5647
0
Da1358
-20171
4687
0
Da1359
-20171
3727
0
Da1360
-20171
2767
0
Da1361
-20171
1807
0
Da1362
-20171
847
0
Da1363
-20171
-113
0
Da1364
-20171
-1073
0
Da1365
-20171
-2033
0
Da1366
-20171
-2993
0
Da1367
-20171
-3953
0
Da1368
-20171
-4913
0
Da1369
-20171
-5873
0
Da1370
-20171
-6833
0
Da1371
-20171
-7793
0
Da1372
-20171
-8753
0
Da1373
-20171
-9713
0
Da1374
-20171
-10673
0
Da1375
-20171
-11633
0
Da1376
-20171
-12593
0
Da1377
-21675
12367
0
Da1378
-21675
11407
0
Da1379
-21675
10447
0
Da1380
-21675
9487
0
Da1381
-21675
8527
0
Da1382
-21675
7567
0
Da1383
-21675
6607
0
Da1384
-21675
5647
0
Da1385
-21675
4687
0
Da1386
-21675
3727
0
Da1387
-21675
2767
0
Da1388
-21675
1807
0
Da1389
-21675
847
0
Da1390
-21675
-113
0
Da1391
-21675
-1073
0
Da1392
-21675
-2033
0
Da1393
-21675
-2993
0
Da1394
-21675
-3953
0
Da1395
-21675
-4913
0
Da1396
-21675
-5873
0
Da1397
-21675
-6833
0
Da1398
-21675
-7793
0
Da1399
-21675
-8753
0
Da1400
-21675
-9713
0
Da1401
-21675
-10673
0
Da1402
-21675
-11633
0
Da1403
-21675
-12593
0
Da1404
-23179
12367
0
Da1405
-23179
11407
0
Da1406
-23179
10447
0
Da1407
-23179
9487
0
Da1408
-23179
8527
0
Da1409
-23179
7567
0
Da1410
-23179
6607
0
Da1411
-23179
5647
0
Da1412
-23179
4687
0
Da1413
-23179
3727
0
Da1414
-23179
2767
0
Da1415
-23179
1807
0
Da1416
-23179
847
0
Da1417
-23179
-113
0
Da1418
-23179
-1073
0
Da1419
-23179
-2033
0
Da1420
-23179
-2993
0
Da1421
-23179
-3953
0
Da1422
-23179
-4913
0
Da1423
-23179
-5873
0
Da1424
-23179
-6833
0
Da1425
-23179
-7793
0
Da1426
-23179
-8753
0
Da1427
-23179
-9713
0
Da1428
-23179
-10673
0
Da1429
-23179
-11633
0
Da1430
-23179
-12593
0
Da1431
-24683
12367
0
Da1432
-24683
11407
0
Da1433
-24683
10447
0
Da1434
-24683
9487
0
Da1435
-24683
8527
0
Da1436
-24683
7567
0
Da1437
-24683
6607
0
Da1438
-24683
5647
0
Da1439
-24683
4687
0
Da1440
-24683
3727
0
Da1441
-24683
2767
0
Da1442
-24683
1807
0
Da1443
-24683
847
0
Da1444
-24683
-113
0
Da1445
-24683
-1073
0
Da1446
-24683
-2033
0
Da1447
-24683
-2993
0
Da1448
-24683
-3953
0
Da1449
-24683
-4913
0
Da1450
-24683
-5873
0
Da1451
-24683
-6833
0
Da1452
-24683
-7793
0
Da1453
-24683
-8753
0
Da1454
-24683
-9713
0
Da1455
-24683
-10673
0
Da1456
-24683
-11633
0
Da1457
-24683
-12593
0
Da1458
-26187
12367
0
Da1459
-26187
11407
0
Da1460
-26187
10447
0
Da1461
-26187
9487
0
Da1462
-26187
8527
0
Da1463
-26187
7567
0
Da1464
-26187
6607
0
Da1465
-26187
5647
0
Da1466
-26187
4687
0
Da1467
-26187
3727
0
Da1468
-26187
2767
0
Da1469
-26187
1807
0
Da1470
-26187
847
0
Da1471
-26187
-113
0
Da1472
-26187
-1073
0
Da1473
-26187
-2033
0
Da1474
-26187
-2993
0
Da1475
-26187
-3953
0
Da1476
-26187
-4913
0
Da1477
-26187
-5873
0
Da1478
-26187
-6833
0
Da1479
-26187
-7793
0
Da1480
-26187
-8753
0
Da1481
-26187
-9713
0
Da1482
-26187
-10673
0
Da1483
-26187
-11633
0
Da1484
-26187
-12593
0
Da1485
-27691
12367
0
Da1486
-27691
11407
0
Da1487
-27691
10447
0
Da1488
-27691
9487
0
Da1489
-27691
8527
0
Da1490
-27691
7567
0
Da1491
-27691
6607
0
Da1492
-27691
5647
0
Da1493
-27691
4687
0
Da1494
-27691
3727
0
Da1495
-27691
2767
0
Da1496
-27691
1807
0
Da1497
-27691
847
0
Da1498
-27691
-113
0
Da1499
-27691
-1073
0
Da1500
-27691
-2033
0
Da1501
-27691
-2993
0
Da1502
-27691
-3953
0
Da1503
-27691
-4913
0
Da1504
-27691
-5873
0
Da1505
-27691
-6833
0
Da1506
-27691
-7793
0
Da1507
-27691
-8753
0
Da1508
-27691
-9713
0
Da1509
-27691
-10673
0
Da1510
-27691
-11633
0
Da1511
-27691
-12593
0
Da1512
-29195
12367
0
Da1513
-29195
11407
0
Da1514
-29195
10447
0
Da1515
-29195
9487
0
Da1516
-29195
8527
0
Da1517
-29195
7567
0
Da1518
-29195
6607
0
Da1519
-29195
5647
0
Da1520
-29195
4687
0
Da1521
-29195
3727
0
Da1522
-29195
2767
0
Da1523
-29195
1807
0
Da1524
-29195
847
0
Da1525
-29195
-113
0
Da1526
-29195
-1073
0
Da1527
-29195
-2033
0
Da1528
-29195
-2993
0
Da1529
-29195
-3953
0
Da1530
-29195
-4913
0
Da1531
-29195
-5873
0
Da1532
-29195
-6833
0
Da1533
-29195
-7793
0
Da1534
-29195
-8753
0
Da1535
-29195
-9713
0
Da1536
-29195
-10673
0
Da1537
-29195
-11633
0
Da1538
-29195
-12593
0
Da1539
-30699
12367
0
Da1540
-30699
11407
0
Da1541
-30699
10447
0
Da1542
-30699
9487
0
Da1543
-30699
8527
0
Da1544
-30699
7567
0
Da1545
-30699
6607
0
Da1546
-30699
5647
0
Da1547
-30699
4687
0
Da1548
-30699
3727
0
Da1549
-30699
2767
0
Da1550
-30699
1807
0
Da1551
-30699
847
0
Da1552
-30699
-113
0
Da1553
-30699
-1073
0
Da1554
-30699
-2033
0
Da1555
-30699
-2993
0
Da1556
-30699
-3953
0
Da1557
-30699
-4913
0
Da1558
-30699
-5873
0
Da1559
-30699
-6833
0
Da1560
-30699
-7793
0
Da1561
-30699
-8753
0
Da1562
-30699
-9713
0
Da1563
-30699
-10673
0
Da1564
-30699
-11633
0
Da1565
-30699
-12593
0
Da1566
-32203
12367
0
Da1567
-32203
11407
0
Da1568
-32203
10447
0
Da1569
-32203
9487
0
Da1570
-32203
8527
0
Da1571
-32203
7567
0
Da1572
-32203
6607
0
Da1573
-32203
5647
0
Da1574
-32203
4687
0
Da1575
-32203
3727
0
Da1576
-32203
2767
0
Da1577
-32203
1807
0
Da1578
-32203
847
0
Da1579
-32203
-113
0
Da1580
-32203
-1073
0
Da1581
-32203
-2033
0
Da1582
-32203
-2993
0
Da1583
-32203
-3953
0
Da1584
-32203
-4913
0
Da1585
-32203
-5873
0
Da1586
-32203
-6833
0
Da1587
-32203
-7793
0
Da1588
-32203
-8753
0
Da1589
-32203
-9713
0
Da1590
-32203
-10673
0
Da1591
-32203
-11633
0
Da1592
-32203
-12593
0
Da1593
-33707
12367
0
Da1594
-33707
11407
0
Da1595
-33707
10447
0
Da1596
-33707
9487
0
Da1597
-33707
8527
0
Da1598
-33707
7567
0
Da1599
-33707
6607
0
Da1600
-33707
5647
0
Da1601
-33707
4687
0
Da1602
-33707
3727
0
Da1603
-33707
2767
0
Da1604
-33707
1807
0
Da1605
-33707
847
0
Da1606
-33707
-113
0
Da1607
-33707
-1073
0
Da1608
-33707
-2033
0
Da1609
-33707
-2993
0
Da1610
-33707
-3953
0
Da1611
-33707
-4913
0
Da1612
-33707
-5873
0
Da1613
-33707
-6833
0
Da1614
-33707
-7793
0
Da1615
-33707
-8753
0
Da1616
-33707
-9713
0
Da1617
-33707
-10673
0
Da1618
-33707
-11633
0
Da1619
-33707
-12593
0
Da1620
-35211
12367
0
Da1621
-35211
11407
0
Da1622
-35211
10447
0
Da1623
-35211
9487
0
Da1624
-35211
8527
0
Da1625
-35211
7567
0
Da1626
-35211
6607
0
Da1627
-35211
5647
0
Da1628
-35211
4687
0
Da1629
-35211
3727
0
Da1630
-35211
2767
0
Da1631
-35211
1807
0
Da1632
-35211
847
0
Da1633
-35211
-113
0
Da1634
-35211
-1073
0
Da1635
-35211
-2033
0
Da1636
-35211
-2993
0
Da1637
-35211
-3953
0
Da1638
-35211
-4913
0
Da1639
-35211
-5873
0
Da1640
-35211
-6833
0
Da1641
-35211
-7793
0
Da1642
-35211
-8753
0
Da1643
-35211
-9713
0
Da1644
-35211
-10673
0
Da1645
-35211
-11633
0
Da1646
-35211
-12593
0
Da1647
-36715
12367
0
Da1648
-36715
11407
0
Da1649
-36715
10447
0
Da1650
-36715
9487
0
Da1651
-36715
8527
0
Da1652
-36715
7567
0
Da1653
-36715
6607
0
Da1654
-36715
5647
0
Da1655
-36715
4687
0
Da1656
-36715
3727
0
Da1657
-36715
2767
0
Da1658
-36715
1807
0
Da1659
-36715
847
0
Da1660
-36715
-113
0
Da1661
-36715
-1073
0
Da1662
-36715
-2033
0
Da1663
-36715
-2993
0
Da1664
-36715
-3953
0
Da1665
-36715
-4913
0
Da1666
-36715
-5873
0
Da1667
-36715
-6833
0
Da1668
-36715
-7793
0
Da1669
-36715
-8753
0
Da1670
-36715
-9713
0
Da1671
-36715
-10673
0
Da1672
-36715
-11633
0
Da1673
-36715
-12593
0
Da1674
-38219
12367
0
Da1675
-38219
11407
0
Da1676
-38219
10447
0
Da1677
-38219
9487
0
Da1678
-38219
8527
0
Da1679
-38219
7567
0
Da1680
-38219
6607
0
Da1681
-38219
5647
0
Da1682
-38219
4687
0
Da1683
-38219
3727
0
Da1684
-38219
2767
0
Da1685
-38219
1807
0
Da1686
-38219
847
0
Da1687
-38219
-113
0
Da1688
-38219
-1073
0
Da1689
-38219
-2033
0
Da1690
-38219
-2993
0
Da1691
-38219
-3953
0
Da1692
-38219
-4913
0
Da1693
-38219
-5873
0
Da1694
-38219
-6833
0
Da1695
-38219
-7793
0
Da1696
-38219
-8753
0
Da1697
-38219
-9713
0
Da1698
-38219
-10673
0
Da1699
-38219
-11633
0
Da1700
-38219
-12593
0
Da1701
-39723
12367
0
Da1702
-39723
11407
0
Da1703
-39723
10447
0
Da1704
-39723
9487
0
Da1705
-39723
8527
0
Da1706
-39723
7567
0
Da1707
-39723
6607
0
Da1708
-39723
5647
0
Da1709
-39723
4687
0
Da1710
-39723
3727
0
Da1711
-39723
2767
0
Da1712
-39723
1807
0
Da1713
-39723
847
0
Da1714
-39723
-113
0
Da1715
-39723
-1073
0
Da1716
-39723
-2033
0
Da1717
-39723
-2993
0
Da1718
-39723
-3953
0
Da1719
-39723
-4913
0
Da1720
-39723
-5873
0
Da1721
-39723
-6833
0
Da1722
-39723
-7793
0
Da1723
-39723
-8753
0
Da1724
-39723
-9713
0
Da1725
-39723
-10673
0
Da1726
-39723
-11633
0
Da1727
-39723
-12593
0
Da1728
-41227
12367
0
Da1729
-41227
11407
0
Da1730
-41227
10447
0
Da1731
-41227
9487
0
Da1732
-41227
8527
0
Da1733
-41227
7567
0
Da1734
-41227
6607
0
Da1735
-41227
5647
0
Da1736
-41227
4687
0
Da1737
-41227
3727
0
Da1738
-41227
2767
0
Da1739
-41227
1807
0
Da1740
-41227
847
0
Da1741
-41227
-113
0
Da1742
-41227
-1073
0
Da1743
-41227
-2033
0
Da1744
-41227
-2993
0
Da1745
-41227
-3953
0
Da1746
-41227
-4913
0
Da1747
-41227
-5873
0
Da1748
-41227
-6833
0
Da1749
-41227
-7793
0
Da1750
-41227
-8753
0
Da1751
-41227
-9713
0
Da1752
-41227
-10673
0
Da1753
-41227
-11633
0
Da1754
-41227
-12593
0
Da1755
-42731
12367
0
Da1756
-42731
11407
0
Da1757
-42731
10447
0
Da1758
-42731
9487
0
Da1759
-42731
8527
0
Da1760
-42731
7567
0
Da1761
-42731
6607
0
Da1762
-42731
5647
0
Da1763
-42731
4687
0
Da1764
-42731
3727
0
Da1765
-42731
2767
0
Da1766
-42731
1807
0
Da1767
-42731
847
0
Da1768
-42731
-113
0
Da1769
-42731
-1073
0
Da1770
-42731
-2033
0
Da1771
-42731
-2993
0
Da1772
-42731
-3953
0
Da1773
-42731
-4913
0
Da1774
-42731
-5873
0
Da1775
-42731
-6833
0
Da1776
-42731
-7793
0
Da1777
-42731
-8753
0
Da1778
-42731
-9713
0
Da1779
-42731
-10673
0
Da1780
-42731
-11633
0
Da1781
-42731
-12593
0
Da1782
-44235
12367
0
Da1783
-44235
11407
0
Da1784
-44235
10447
0
Da1785
-44235
9487
0
Da1786
-44235
8527
0
Da1787
-44235
7567
0
Da1788
-44235
6607
0
Da1789
-44235
5647
0
Da1790
-44235
4687
0
Da1791
-44235
3727
0
Da1792
-44235
2767
0
Da1793
-44235
1807
0
Da1794
-44235
847
0
Da1795
-44235
-113
0
Da1796
-44235
-1073
0
Da1797
-44235
-2033
0
Da1798
-44235
-2993
0
Da1799
-44235
-3953
0
Da1800
-44235
-4913
0
Da1801
-44235
-5873
0
Da1802
-44235
-6833
0
Da1803
-44235
-7793
0
Da1804
-44235
-8753
0
Da1805
-44235
-9713
0
Da1806
-44235
-10673
0
Da1807
-44235
-11633
0
Da1808
-44235
-12593
0
Da1809
-45739
12367
0
Da1810
-45739
11407
0
Da1811
-45739
10447
0
Da1812
-45739
9487
0
Da1813
-45739
8527
0
Da1814
-45739
7567
0
Da1815
-45739
6607
0
Da1816
-45739
5647
0
Da1817
-45739
4687
0
Da1818
-45739
3727
0
Da1819
-45739
2767
0
Da1820
-45739
1807
0
Da1821
-45739
847
0
Da1822
-45739
-113
0
Da1823
-45739
-1073
0
Da1824
-45739
-2033
0
Da1825
-45739
-2993
0
Da1826
-45739
-3953
0
Da1827
-45739
-4913
0
Da1828
-45739
-5873
0
Da1829
-45739
-6833
0
Da1830
-45739
-7793
0
Da1831
-45739
-8753
0
Da1832
-45739
-9713
0
Da1833
-45739
-10673
0
Da1834
-45739
-11633
0
Da1835
-45739
-12593
0
Da1836
-47243
12367
0
Da1837
-47243
11407
0
Da1838
-47243
10447
0
Da1839
-47243
9487
0
Da1840
-47243
8527
0
Da1841
-47243
7567
0
Da1842
-47243
6607
0
Da1843
-47243
5647
0
Da1844
-47243
4687
0
Da1845
-47243
3727
0
Da1846
-47243
2767
0
Da1847
-47243
1807
0
Da1848
-47243
847
0
Da1849
-47243
-113
0
Da1850
-47243
-1073
0
Da1851
-47243
-2033
0
Da1852
-47243
-2993
0
Da1853
-47243
-3953
0
Da1854
-47243
-4913
0
Da1855
-47243
-5873
0
Da1856
-47243
-6833
0
Da1857
-47243
-7793
0
Da1858
-47243
-8753
0
Da1859
-47243
-9713
0
Da1860
-47243
-10673
0
Da1861
-47243
-11633
0
Da1862
-47243
-12593
0
Da1863
-48747
12367
0
Da1864
-48747
11407
0
Da1865
-48747
10447
0
Da1866
-48747
9487
0
Da1867
-48747
8527
0
Da1868
-48747
7567
0
Da1869
-48747
6607
0
Da1870
-48747
5647
0
Da1871
-48747
4687
0
Da1872
-48747
3727
0
Da1873
-48747
2767
0
Da1874
-48747
1807
0
Da1875
-48747
847
0
Da1876
-48747
-113
0
Da1877
-48747
-1073
0
Da1878
-48747
-2033
0
Da1879
-48747
-2993
0
Da1880
-48747
-3953
0
Da1881
-48747
-4913
0
Da1882
-48747
-5873
0
Da1883
-48747
-6833
0
Da1884
-48747
-7793
0
Da1885
-48747
-8753
0
Da1886
-48747
-9713
0
Da1887
-48747
-10673
0
Da1888
-48747
-11633
0
Da1889
-48747
-12593
0
Da1890
-50251
12367
0
Da1891
-50251
11407
0
Da1892
-50251
10447
0
Da1893
-50251
9487
0
Da1894
-50251
8527
0
Da1895
-50251
7567
0
Da1896
-50251
6607
0
Da1897
-50251
5647
0
Da1898
-50251
4687
0
Da1899
-50251
3727
0
Da1900
-50251
2767
0
Da1901
-50251
1807
0
Da1902
-50251
847
0
Da1903
-50251
-113
0
Da1904
-50251
-1073
0
Da1905
-50251
-2033
0
Da1906
-50251
-2993
0
Da1907
-50251
-3953
0
Da1908
-50251
-4913
0
Da1909
-50251
-5873
0
Da1910
-50251
-6833
0
Da1911
-50251
-7793
0
Da1912
-50251
-8753
0
Da1913
-50251
-9713
0
Da1914
-50251
-10673
0
Da1915
-50251
-11633
0
Da1916
-50251
-12593
0
Da1917
-51755
12367
0
Da1918
-51755
11407
0
Da1919
-51755
10447
0
Da1920
-51755
9487
0
Da1921
-51755
8527
0
Da1922
-51755
7567
0
Da1923
-51755
6607
0
Da1924
-51755
5647
0
Da1925
-51755
4687
0
Da1926
-51755
3727
0
Da1927
-51755
2767
0
Da1928
-51755
1807
0
Da1929
-51755
847
0
Da1930
-51755
-113
0
Da1931
-51755
-1073
0
Da1932
-51755
-2033
0
Da1933
-51755
-2993
0
Da1934
-51755
-3953
0
Da1935
-51755
-4913
0
Da1936
-51755
-5873
0
Da1937
-51755
-6833
0
Da1938
-51755
-7793
0
Da1939
-51755
-8753
0
Da1940
-51755
-9713
0
Da1941
-51755
-10673
0
Da1942
-51755
-11633
0
Da1943
-51755
-12593
0
Da1944
-53259
12367
0
Da1945
-53259
11407
0
Da1946
-53259
10447
0
Da1947
-53259
9487
0
Da1948
-53259
8527
0
Da1949
-53259
7567
0
Da1950
-53259
6607
0
Da1951
-53259
5647
0
Da1952
-53259
4687
0
Da1953
-53259
3727
0
Da1954
-53259
2767
0
Da1955
-53259
1807
0
Da1956
-53259
847
0
Da1957
-53259
-113
0
Da1958
-53259
-1073
0
Da1959
-53259
-2033
0
Da1960
-53259
-2993
0
Da1961
-53259
-3953
0
Da1962
-53259
-4913
0
Da1963
-53259
-5873
0
Da1964
-53259
-6833
0
Da1965
-53259
-7793
0
Da1966
-53259
-8753
0
Da1967
-53259
-9713
0
Da1968
-53259
-10673
0
Da1969
-53259
-11633
0
Da1970
-53259
-12593
0
Da1971
-54763
12367
0
Da1972
-54763
11407
0
Da1973
-54763
10447
0
Da1974
-54763
9487
0
Da1975
-54763
8527
0
Da1976
-54763
7567
0
Da1977
-54763
6607
0
Da1978
-54763
5647
0
Da1979
-54763
4687
0
Da1980
-54763
3727
0
Da1981
-54763
2767
0
Da1982
-54763
1807
0
Da1983
-54763
847
0
Da1984
-54763
-113
0
Da1985
-54763
-1073
0
Da1986
-54763
-2033
0
Da1987
-54763
-2993
0
Da1988
-54763
-3953
0
Da1989
-54763
-4913
0
Da1990
-54763
-5873
0
Da1991
-54763
-6833
0
Da1992
-54763
-7793
0
Da1993
-54763
-8753
0
Da1994
-54763
-9713
0
Da1995
-54763
-10673
0
Da1996
-54763
-11633
0
Da1997
-54763
-12593
0
Da1998
-56267
12367
0
Da1999
-56267
11407
0
Da2000
-56267
10447
0
Da2001
-56267
9487
0
Da2002
-56267
8527
0
Da2003
-56267
7567
0
Da2004
-56267
6607
0
Da2005
-56267
5647
0
Da2006
-56267
4687
0
Da2007
-56267
3727
0
Da2008
-56267
2767
0
Da2009
-56267
1807
0
Da2010
-56267
847
0
Da2011
-56267
-113
0
Da2012
-56267
-1073
0
Da2013
-56267
-2033
0
Da2014
-56267
-2993
0
Da2015
-56267
-3953
0
Da2016
-56267
-4913
0
Da2017
-56267
-5873
0
Da2018
-56267
-6833
0
Da2019
-56267
-7793
0
Da2020
-56267
-8753
0
Da2021
-56267
-9713
0
Da2022
-56267
-10673
0
Da2023
-56267
-11633
0
Da2024
-56267
-12593
0